T1 9.426434858697922e-16 0.12499712524438163 0.9999999878351905 1.2164809490931825e-08 0.8750028747556184
T2 0.6886836499290078
T3 1.759703494030873e-13 3.930189507173054e-14 15.0
T4 1000 7.030769880873145e-32 2.2799450543448818e-05
T5 0 20.200000000000017
T5 0.05 1.9999369052007523
T5 0.1 0.9999999994355936
T5 0.2 0.4999999999999999
T5 0.4 0.24999999999999997
T6 28316 28316
T7 2000 0.9999999999998713 4.821919250693842e-71 7.202256325197479e-10
T8 0.1 0.9
T8 0.3 1.1
T9 2982 971 0.994 0.32366666666666666
T10 4000 4000 3984 3344 3984 3984 0.996 0.836
